{"centroid" : [36.8913043478261, 36.7782608695652, 29.8260869565217],
"volume" : 230,
"frame" : 483}
